2.619948148727416992e+00
2.568712472915649414e+00
2.542206525802612305e+00
2.539632797241210938e+00
2.510444164276123047e+00
2.492951869964599609e+00
2.470068454742431641e+00
2.447538852691650391e+00
2.425420284271240234e+00
2.387625694274902344e+00
2.392939090728759766e+00
2.401178836822509766e+00
2.378301620483398438e+00
2.410248041152954102e+00
2.445998191833496094e+00
2.495207071304321289e+00
2.551358938217163086e+00
2.580561161041259766e+00
1.139787912368774414e+00
1.092559337615966797e+00
1.083500623703002930e+00
1.064801692962646484e+00
1.046874284744262695e+00
1.062509059906005859e+00
1.044630527496337891e+00
1.045025944709777832e+00
1.057573795318603516e+00
1.068755745887756348e+00
1.076276898384094238e+00
1.077860355377197266e+00
1.102793335914611816e+00
1.142968535423278809e+00
2.791316032409667969e+00
2.779787540435791016e+00
2.782108306884765625e+00
2.790362834930419922e+00
2.807502269744873047e+00
2.814635276794433594e+00
2.801566839218139648e+00
2.798165082931518555e+00
2.811302661895751953e+00
2.843513250350952148e+00
2.841834545135498047e+00
2.846027851104736328e+00
2.878102302551269531e+00
2.879533529281616211e+00
2.892972469329833984e+00
2.904223442077636719e+00
2.926608085632324219e+00
2.948596000671386719e+00
2.967746973037719727e+00
2.992093801498413086e+00
1.833239555358886719e+00
1.827091813087463379e+00
1.814086437225341797e+00
1.800008296966552734e+00
1.781926393508911133e+00
1.782424449920654297e+00
1.841285109519958496e+00
1.835821390151977539e+00
2.873347997665405273e+00
2.854713201522827148e+00
2.894907474517822266e+00
2.924722671508789062e+00
2.958512544631958008e+00
3.004851102828979492e+00
3.037554025650024414e+00
3.107544660568237305e+00
3.122922182083129883e+00
3.155513286590576172e+00
3.206892013549804688e+00
3.209441661834716797e+00
3.197530031204223633e+00
3.177031993865966797e+00
4.404670596122741699e-01
4.085269868373870850e-01
4.202793836593627930e-01
4.090188443660736084e-01
3.793549537658691406e-01
3.875032365322113037e-01
3.735772073268890381e-01
3.775705397129058838e-01
3.490358889102935791e-01
3.524271547794342041e-01
3.566708862781524658e-01
3.572429716587066650e-01
3.529501259326934814e-01
3.483851850032806396e-01
3.469101488590240479e-01
3.624892234802246094e-01
3.598688244819641113e-01
3.691614866256713867e-01
3.278871774673461914e-01
3.628359735012054443e-01
3.487067818641662598e-01
3.397266566753387451e-01
3.428871631622314453e-01
3.544171154499053955e-01
3.640531599521636963e-01
3.567531406879425049e-01
3.489758372306823730e-01
3.868049681186676025e-01
3.744840919971466064e-01
3.807096481323242188e-01
3.984475433826446533e-01
4.265175759792327881e-01
4.310772120952606201e-01
4.320425689220428467e-01
3.203869104385375977e+00
3.226796150207519531e+00
3.219523668289184570e+00
3.162667036056518555e+00
3.092529058456420898e+00
3.076965332031250000e+00
3.038991928100585938e+00
2.976784706115722656e+00
2.976921319961547852e+00
2.949289083480834961e+00
2.899201393127441406e+00
2.870672702789306641e+00
1.895306587219238281e+00
1.858341217041015625e+00
1.808245062828063965e+00
1.792838215827941895e+00
1.800591349601745605e+00
1.795471787452697754e+00
1.810000538825988770e+00
1.816456675529479980e+00
1.858231663703918457e+00
2.979937791824340820e+00
2.975404024124145508e+00
2.946572780609130859e+00
2.928831815719604492e+00
2.925044775009155273e+00
2.895916223526000977e+00
2.893701553344726562e+00
2.876955986022949219e+00
2.852944374084472656e+00
2.869051218032836914e+00
2.853398084640502930e+00
2.833752870559692383e+00
2.827687978744506836e+00
2.824149608612060547e+00
2.817792177200317383e+00
2.813517093658447266e+00
2.809280157089233398e+00
2.801701784133911133e+00
2.797961235046386719e+00
2.792428493499755859e+00
1.135771155357360840e+00
1.124465584754943848e+00
1.084748744964599609e+00
1.081195950508117676e+00
1.070590019226074219e+00
1.051807999610900879e+00
1.061687827110290527e+00
1.050083398818969727e+00
1.084511518478393555e+00
1.076987028121948242e+00
1.080349206924438477e+00
1.093775749206542969e+00
1.137967109680175781e+00
1.155768275260925293e+00
2.878275394439697266e+00
2.908077478408813477e+00
2.904069423675537109e+00
2.918712854385375977e+00
2.915354490280151367e+00
2.938275098800659180e+00
2.964708328247070312e+00
2.976410865783691406e+00
2.934286832809448242e+00
2.906365871429443359e+00
2.863157510757446289e+00
2.820015430450439453e+00
2.800894021987915039e+00
2.787538528442382812e+00
2.708184480667114258e+00
2.689573049545288086e+00
2.665251255035400391e+00
2.626293420791625977e+00
2.624020814895629883e+00
2.605383872985839844e+00
2.586000442504882812e+00
2.572542667388916016e+00
2.518769979476928711e+00
2.496981143951416016e+00
2.485376358032226562e+00
2.462826013565063477e+00
2.441273927688598633e+00
2.453045368194580078e+00
2.415366172790527344e+00
2.401194095611572266e+00
2.382947683334350586e+00
2.363117694854736328e+00
2.364454269409179688e+00
2.368463039398193359e+00
2.352671146392822266e+00
2.340085506439208984e+00
2.329158544540405273e+00
2.328610420227050781e+00
1.217650771141052246e+00
1.173871040344238281e+00
1.168063998222351074e+00
1.143966674804687500e+00
1.116600275039672852e+00
1.126296520233154297e+00
1.111910223960876465e+00
1.099902510643005371e+00
1.106087923049926758e+00
1.114400982856750488e+00
1.136007189750671387e+00
1.135516047477722168e+00
1.155977606773376465e+00
1.165154695510864258e+00
2.304473638534545898e+00
2.327153921127319336e+00
2.308496713638305664e+00
2.315648555755615234e+00
2.320729494094848633e+00
2.330341100692749023e+00
2.265493869781494141e+00
2.207489728927612305e+00
2.167965412139892578e+00
2.141218423843383789e+00
2.114629030227661133e+00
2.065140008926391602e+00
2.070900917053222656e+00
2.094556093215942383e+00
2.085610866546630859e+00
2.088350534439086914e+00
2.123024702072143555e+00
2.135196685791015625e+00
2.130322217941284180e+00
2.161766290664672852e+00
2.187431097030639648e+00
2.208526611328125000e+00
2.208208799362182617e+00
2.239292144775390625e+00
2.283679723739624023e+00
2.275511503219604492e+00
2.295975446701049805e+00
2.293199300765991211e+00
2.273072719573974609e+00
2.267029762268066406e+00
2.236887216567993164e+00
2.207620143890380859e+00
2.224556207656860352e+00
2.189449071884155273e+00
2.162975788116455078e+00
2.162540435791015625e+00
2.151493310928344727e+00
2.130187749862670898e+00
2.124599456787109375e+00
2.104007959365844727e+00
5.456221699714660645e-01
5.252591371536254883e-01
4.937090575695037842e-01
4.953635334968566895e-01
4.717923998832702637e-01
4.761854112148284912e-01
4.658165276050567627e-01
4.749723672866821289e-01
4.524161219596862793e-01
4.458360970020294189e-01
4.525610506534576416e-01
4.546097517013549805e-01
4.379681944847106934e-01
4.523777067661285400e-01
4.378072321414947510e-01
4.459194839000701904e-01
4.300325214862823486e-01
4.608490467071533203e-01
4.628870785236358643e-01
4.538144767284393311e-01
4.362702071666717529e-01
4.604798853397369385e-01
4.733998477458953857e-01
4.847571551799774170e-01
4.595632851123809814e-01
4.978776276111602783e-01
5.237613916397094727e-01
5.415763854980468750e-01
5.459064245223999023e-01
2.108766794204711914e+00
2.116504430770874023e+00
2.119134426116943359e+00
2.131929397583007812e+00
2.147756099700927734e+00
2.161252260208129883e+00
2.182672500610351562e+00
2.189698457717895508e+00
2.198573112487792969e+00
2.231974840164184570e+00
2.239534378051757812e+00
2.263340950012207031e+00
2.283084392547607422e+00
2.306561708450317383e+00
2.269045591354370117e+00
2.255133628845214844e+00
2.233789443969726562e+00
2.220260381698608398e+00
2.184715270996093750e+00
2.206694602966308594e+00
2.161303043365478516e+00
2.134580135345458984e+00
2.125858068466186523e+00
2.104608058929443359e+00
2.086967468261718750e+00
2.072906017303466797e+00
2.071713924407958984e+00
2.055113077163696289e+00
2.059624195098876953e+00
2.072408676147460938e+00
2.124285697937011719e+00
2.160142421722412109e+00
2.181982517242431641e+00
2.222918987274169922e+00
2.264048337936401367e+00
2.302175998687744141e+00
2.305487155914306641e+00
2.309139966964721680e+00
2.307058572769165039e+00
2.281046390533447266e+00
1.193979382514953613e+00
1.164136886596679688e+00
1.118318676948547363e+00
1.126009106636047363e+00
1.103967189788818359e+00
1.098519086837768555e+00
1.100755453109741211e+00
1.093408584594726562e+00
1.100412011146545410e+00
1.108311176300048828e+00
1.106441140174865723e+00
1.136030077934265137e+00
1.156280040740966797e+00
1.178958177566528320e+00
2.326087951660156250e+00
2.330989122390747070e+00
2.319131135940551758e+00
2.327566146850585938e+00
2.360673189163208008e+00
2.353409767150878906e+00
2.356429338455200195e+00
2.366544723510742188e+00
2.390119075775146484e+00
2.404588699340820312e+00
2.412789821624755859e+00
2.420036792755126953e+00
2.449589967727661133e+00
2.441029071807861328e+00
2.475280761718750000e+00
2.503293991088867188e+00
2.510692596435546875e+00
2.545789241790771484e+00
2.554516077041625977e+00
2.555647373199462891e+00
2.608894824981689453e+00
2.621311902999877930e+00
