3.515000104904174805e+00
3.907000064849853516e+00
3.969000101089477539e+00
3.946000099182128906e+00
3.921000003814697266e+00
3.900000095367431641e+00
nan
2.102999925613403320e+00
2.094000101089477539e+00
7.519999742507934570e-01
7.350000143051147461e-01
7.300000190734863281e-01
7.319999933242797852e-01
7.710000276565551758e-01
7.630000114440917969e-01
7.639999985694885254e-01
7.530000209808349609e-01
7.500000000000000000e-01
7.409999966621398926e-01
7.179999947547912598e-01
7.110000252723693848e-01
7.300000190734863281e-01
nan
3.930000066757202148e+00
3.967000007629394531e+00
4.000000000000000000e+00
4.061999797821044922e+00
4.109000205993652344e+00
4.144000053405761719e+00
4.196000099182128906e+00
nan
nan
nan
2.080000042915344238e-01
1.990000009536743164e-01
2.039999961853027344e-01
2.090000063180923462e-01
2.140000015497207642e-01
2.199999988079071045e-01
2.269999980926513672e-01
2.339999973773956299e-01
nan
2.409999966621398926e-01
2.500000000000000000e-01
2.579999864101409912e-01
2.689999938011169434e-01
2.800000011920928955e-01
2.930000126361846924e-01
nan
3.059999942779541016e-01
3.219999969005584717e-01
3.400000035762786865e-01
3.619999885559082031e-01
3.840000033378601074e-01
4.120000004768371582e-01
4.469999969005584717e-01
nan
nan
nan
5.210000276565551758e-01
5.109999775886535645e-01
5.109999775886535645e-01
5.199999809265136719e-01
nan
5.495999813079833984e+00
5.435999870300292969e+00
5.425000190734863281e+00
5.431000232696533203e+00
1.049000024795532227e+00
8.529999852180480957e-01
nan
nan
3.910000026226043701e-01
3.939999938011169434e-01
3.970000147819519043e-01
3.989999890327453613e-01
4.009999930858612061e-01
4.040000140666961670e-01
4.090000092983245850e-01
4.120000004768371582e-01
4.180000126361846924e-01
4.199999868869781494e-01
4.259999990463256836e-01
4.339999854564666748e-01
4.420000016689300537e-01
nan
nan
6.350999832153320312e+00
6.284999847412109375e+00
6.296000003814697266e+00
6.506999969482421875e+00
6.125000000000000000e+00
6.922999858856201172e+00
7.091000080108642578e+00
7.257999897003173828e+00
6.802999973297119141e+00
5.630000114440917969e+00
5.614999771118164062e+00
5.708000183105468750e+00
8.218000411987304688e+00
8.449999809265136719e+00
8.751000404357910156e+00
8.647999763488769531e+00
8.449999809265136719e+00
8.541000366210937500e+00
8.949000358581542969e+00
9.310000419616699219e+00
9.718999862670898438e+00
9.963999748229980469e+00
1.095100021362304688e+01
1.171599960327148438e+01
1.179100036621093750e+01
2.884000062942504883e+00
2.921000003814697266e+00
3.111000061035156250e+00
1.088700008392333984e+01
1.066600036621093750e+01
1.092899990081787109e+01
1.086400032043457031e+01
2.006000041961669922e+00
1.927999973297119141e+00
1.917999982833862305e+00
1.950999975204467773e+00
1.990000009536743164e+00
2.509999990463256836e+00
nan
nan
9.293999671936035156e+00
2.604000091552734375e+00
2.614000082015991211e+00
2.614000082015991211e+00
2.621999979019165039e+00
1.975000023841857910e+00
1.904999971389770508e+00
1.856999993324279785e+00
nan
8.550000190734863281e-01
8.190000057220458984e-01
8.090000152587890625e-01
7.919999957084655762e-01
7.929999828338623047e-01
7.889999747276306152e-01
7.839999794960021973e-01
7.889999747276306152e-01
7.950000166893005371e-01
7.950000166893005371e-01
7.919999957084655762e-01
7.969999909400939941e-01
8.180000185966491699e-01
8.280000090599060059e-01
8.360000252723693848e-01
8.429999947547912598e-01
8.519999980926513672e-01
8.590000271797180176e-01
8.790000081062316895e-01
8.930000066757202148e-01
9.120000004768371582e-01
nan
1.246000051498413086e+00
1.213999986648559570e+00
1.184999942779541016e+00
1.151999950408935547e+00
1.131000041961669922e+00
1.108000040054321289e+00
1.085999965667724609e+00
1.065000057220458984e+00
1.044999957084655762e+00
1.029999971389770508e+00
1.011999964714050293e+00
9.990000128746032715e-01
9.879999756813049316e-01
9.720000028610229492e-01
9.629999995231628418e-01
9.539999961853027344e-01
9.430000185966491699e-01
9.319999814033508301e-01
8.999999761581420898e-01
8.880000114440917969e-01
9.020000100135803223e-01
8.799999952316284180e-01
8.730000257492065430e-01
8.889999985694885254e-01
8.590000271797180176e-01
8.560000061988830566e-01
8.759999871253967285e-01
8.719999790191650391e-01
8.700000047683715820e-01
8.690000176429748535e-01
8.690000176429748535e-01
8.619999885559082031e-01
8.619999885559082031e-01
8.690000176429748535e-01
8.790000081062316895e-01
8.830000162124633789e-01
8.859999775886535645e-01
4.909999966621398926e-01
4.650000035762786865e-01
4.420000016689300537e-01
4.199999868869781494e-01
4.000000059604644775e-01
3.849999904632568359e-01
3.680000007152557373e-01
3.560000061988830566e-01
3.420000076293945312e-01
3.319999873638153076e-01
3.199999928474426270e-01
3.120000064373016357e-01
3.009999990463256836e-01
2.849999964237213135e-01
2.779999971389770508e-01
2.709999978542327881e-01
2.649999856948852539e-01
2.590000033378601074e-01
2.529999911785125732e-01
2.489999979734420776e-01
2.430000007152557373e-01
2.389999926090240479e-01
2.349999994039535522e-01
2.300000041723251343e-01
2.249999940395355225e-01
nan
nan
nan
7.870000004768371582e-01
7.609999775886535645e-01
7.789999842643737793e-01
7.580000162124633789e-01
7.829999923706054688e-01
7.730000019073486328e-01
7.950000166893005371e-01
7.900000214576721191e-01
7.929999828338623047e-01
7.929999828338623047e-01
8.069999814033508301e-01
1.769000053405761719e+00
1.901000022888183594e+00
2.000000000000000000e+00
2.112999916076660156e+00
2.233999967575073242e+00
nan
2.375999927520751953e+00
2.535000085830688477e+00
2.720999956130981445e+00
2.937999963760375977e+00
3.164000034332275391e+00
